{
 "cells": [
  {
   "cell_type": "code",
   "execution_count": 1,
   "metadata": {},
   "outputs": [
    {
     "name": "stdout",
     "output_type": "stream",
     "text": [
      "Populating the interactive namespace from numpy and matplotlib\n"
     ]
    }
   ],
   "source": [
    "%pylab inline\n",
    "import pandas as pd\n",
    "import sys\n",
    "import gc\n",
    "import cPickle as pickle"
   ]
  },
  {
   "cell_type": "code",
   "execution_count": 2,
   "metadata": {},
   "outputs": [
    {
     "data": {
      "text/plain": [
       "['kerasclf0_train_l1pred.pkl',\n",
       " 'kerasclfmix0_train_l1pred.pkl',\n",
       " 'kerascqwk0_train_l1pred.pkl',\n",
       " 'kerasepsl10_train_l1pred.pkl',\n",
       " 'kerasepsl20_train_l1pred.pkl',\n",
       " 'kerasmlp0_train_l1pred.pkl']"
      ]
     },
     "execution_count": 2,
     "metadata": {},
     "output_type": "execute_result"
    }
   ],
   "source": [
    "trainfiles=!ls *.pkl|grep train\n",
    "trainfiles"
   ]
  },
  {
   "cell_type": "code",
   "execution_count": 4,
   "metadata": {},
   "outputs": [
    {
     "data": {
      "text/plain": [
       "['kerasclf0_test_l1pred.pkl',\n",
       " 'kerasclfmix0_test_l1pred.pkl',\n",
       " 'kerascqwk0_test_l1pred.pkl',\n",
       " 'kerasepsl10_test_l1pred.pkl',\n",
       " 'kerasepsl20_test_l1pred.pkl',\n",
       " 'kerasmlp0_test_l1pred.pkl']"
      ]
     },
     "execution_count": 4,
     "metadata": {},
     "output_type": "execute_result"
    }
   ],
   "source": [
    "testfiles=!ls *.pkl|grep test|grep -v ridge\n",
    "testfiles"
   ]
  },
  {
   "cell_type": "code",
   "execution_count": 7,
   "metadata": {
    "collapsed": true
   },
   "outputs": [],
   "source": [
    "def read_pkl(fname):\n",
    "    if 'clf' not in fname:\n",
    "        return pickle.load(open(fname))\n",
    "    else:\n",
    "        a=pickle.load(open(fname))\n",
    "        b=np.sum(a.values*np.array([range(21)]),1).astype(np.float32)\n",
    "        b=pd.Series(b,index=a.index)\n",
    "        b.name=fname.split(\"_\")[0]\n",
    "        return b"
   ]
  },
  {
   "cell_type": "code",
   "execution_count": 8,
   "metadata": {},
   "outputs": [
    {
     "name": "stdout",
     "output_type": "stream",
     "text": [
      "CPU times: user 56 s, sys: 1.09 s, total: 57.1 s\n",
      "Wall time: 57.1 s\n"
     ]
    }
   ],
   "source": [
    "%time test=pd.concat([read_pkl(u) for u in testfiles],axis=1)"
   ]
  },
  {
   "cell_type": "code",
   "execution_count": 9,
   "metadata": {
    "scrolled": true
   },
   "outputs": [
    {
     "name": "stdout",
     "output_type": "stream",
     "text": [
      "CPU times: user 3min 34s, sys: 4.11 s, total: 3min 39s\n",
      "Wall time: 3min 39s\n"
     ]
    }
   ],
   "source": [
    "%time train=pd.concat([read_pkl(u) for u in trainfiles],axis=1)"
   ]
  },
  {
   "cell_type": "code",
   "execution_count": 18,
   "metadata": {},
   "outputs": [
    {
     "data": {
      "text/plain": [
       "(0.79322977953810292, 0.6000000000000001)"
      ]
     },
     "execution_count": 18,
     "metadata": {},
     "output_type": "execute_result"
    }
   ],
   "source": [
    "np.sqrt(1-3.3/8.9),1-3.56/8.9"
   ]
  },
  {
   "cell_type": "code",
   "execution_count": 10,
   "metadata": {
    "scrolled": true
   },
   "outputs": [
    {
     "data": {
      "text/plain": [
       "((5203955, 6), (1378521, 6))"
      ]
     },
     "execution_count": 10,
     "metadata": {},
     "output_type": "execute_result"
    }
   ],
   "source": [
    "train.shape,test.shape"
   ]
  },
  {
   "cell_type": "code",
   "execution_count": 11,
   "metadata": {
    "collapsed": true
   },
   "outputs": [],
   "source": [
    "train[train>20]=20\n",
    "train[train<0]=0\n",
    "test[test>20]=20\n",
    "test[test<0]=0"
   ]
  },
  {
   "cell_type": "code",
   "execution_count": 12,
   "metadata": {},
   "outputs": [
    {
     "name": "stdout",
     "output_type": "stream",
     "text": [
      "<class 'pandas.core.frame.DataFrame'>\n",
      "Int64Index: 5203955 entries, 10000000 to 15203954\n",
      "Columns: 6 entries, kerasclf0 to kerasmlp0_pred\n",
      "dtypes: float32(6)\n",
      "memory usage: 158.8 MB\n"
     ]
    }
   ],
   "source": [
    "train.info(verbose=False)"
   ]
  },
  {
   "cell_type": "code",
   "execution_count": 13,
   "metadata": {
    "scrolled": true
   },
   "outputs": [
    {
     "name": "stdout",
     "output_type": "stream",
     "text": [
      "<class 'pandas.core.frame.DataFrame'>\n",
      "Int64Index: 1378521 entries, 0 to 1378520\n",
      "Columns: 6 entries, kerasclf0 to kerasmlp0_pred\n",
      "dtypes: float32(6)\n",
      "memory usage: 42.1 MB\n"
     ]
    }
   ],
   "source": [
    "test.info(verbose=False)"
   ]
  },
  {
   "cell_type": "code",
   "execution_count": null,
   "metadata": {
    "collapsed": true
   },
   "outputs": [],
   "source": []
  },
  {
   "cell_type": "code",
   "execution_count": 14,
   "metadata": {
    "collapsed": true
   },
   "outputs": [],
   "source": [
    "a=train.corr()"
   ]
  },
  {
   "cell_type": "code",
   "execution_count": 17,
   "metadata": {
    "scrolled": true
   },
   "outputs": [
    {
     "data": {
      "text/html": [
       "<div>\n",
       "<style>\n",
       "    .dataframe thead tr:only-child th {\n",
       "        text-align: right;\n",
       "    }\n",
       "\n",
       "    .dataframe thead th {\n",
       "        text-align: left;\n",
       "    }\n",
       "\n",
       "    .dataframe tbody tr th {\n",
       "        vertical-align: top;\n",
       "    }\n",
       "</style>\n",
       "<table border=\"1\" class=\"dataframe\">\n",
       "  <thead>\n",
       "    <tr style=\"text-align: right;\">\n",
       "      <th></th>\n",
       "      <th>kerasclf0</th>\n",
       "      <th>kerasclfmix0</th>\n",
       "      <th>kerascqwk0_pred</th>\n",
       "      <th>kerasepsl10_pred</th>\n",
       "      <th>kerasepsl20_pred</th>\n",
       "      <th>kerasmlp0_pred</th>\n",
       "    </tr>\n",
       "  </thead>\n",
       "  <tbody>\n",
       "    <tr>\n",
       "      <th>kerasclf0</th>\n",
       "      <td>1.000000</td>\n",
       "      <td>0.994574</td>\n",
       "      <td>0.995084</td>\n",
       "      <td>0.990913</td>\n",
       "      <td>0.994666</td>\n",
       "      <td>0.994699</td>\n",
       "    </tr>\n",
       "    <tr>\n",
       "      <th>kerasclfmix0</th>\n",
       "      <td>0.994574</td>\n",
       "      <td>1.000000</td>\n",
       "      <td>0.995624</td>\n",
       "      <td>0.991575</td>\n",
       "      <td>0.995317</td>\n",
       "      <td>0.995240</td>\n",
       "    </tr>\n",
       "    <tr>\n",
       "      <th>kerascqwk0_pred</th>\n",
       "      <td>0.995084</td>\n",
       "      <td>0.995624</td>\n",
       "      <td>1.000000</td>\n",
       "      <td>0.992854</td>\n",
       "      <td>0.996838</td>\n",
       "      <td>0.996803</td>\n",
       "    </tr>\n",
       "    <tr>\n",
       "      <th>kerasepsl10_pred</th>\n",
       "      <td>0.990913</td>\n",
       "      <td>0.991575</td>\n",
       "      <td>0.992854</td>\n",
       "      <td>1.000000</td>\n",
       "      <td>0.992094</td>\n",
       "      <td>0.992469</td>\n",
       "    </tr>\n",
       "    <tr>\n",
       "      <th>kerasepsl20_pred</th>\n",
       "      <td>0.994666</td>\n",
       "      <td>0.995317</td>\n",
       "      <td>0.996838</td>\n",
       "      <td>0.992094</td>\n",
       "      <td>1.000000</td>\n",
       "      <td>0.996397</td>\n",
       "    </tr>\n",
       "    <tr>\n",
       "      <th>kerasmlp0_pred</th>\n",
       "      <td>0.994699</td>\n",
       "      <td>0.995240</td>\n",
       "      <td>0.996803</td>\n",
       "      <td>0.992469</td>\n",
       "      <td>0.996397</td>\n",
       "      <td>1.000000</td>\n",
       "    </tr>\n",
       "  </tbody>\n",
       "</table>\n",
       "</div>"
      ],
      "text/plain": [
       "                  kerasclf0  kerasclfmix0  kerascqwk0_pred  kerasepsl10_pred  \\\n",
       "kerasclf0          1.000000      0.994574         0.995084          0.990913   \n",
       "kerasclfmix0       0.994574      1.000000         0.995624          0.991575   \n",
       "kerascqwk0_pred    0.995084      0.995624         1.000000          0.992854   \n",
       "kerasepsl10_pred   0.990913      0.991575         0.992854          1.000000   \n",
       "kerasepsl20_pred   0.994666      0.995317         0.996838          0.992094   \n",
       "kerasmlp0_pred     0.994699      0.995240         0.996803          0.992469   \n",
       "\n",
       "                  kerasepsl20_pred  kerasmlp0_pred  \n",
       "kerasclf0                 0.994666        0.994699  \n",
       "kerasclfmix0              0.995317        0.995240  \n",
       "kerascqwk0_pred           0.996838        0.996803  \n",
       "kerasepsl10_pred          0.992094        0.992469  \n",
       "kerasepsl20_pred          1.000000        0.996397  \n",
       "kerasmlp0_pred            0.996397        1.000000  "
      ]
     },
     "execution_count": 17,
     "metadata": {},
     "output_type": "execute_result"
    }
   ],
   "source": [
    "a"
   ]
  },
  {
   "cell_type": "code",
   "execution_count": 18,
   "metadata": {},
   "outputs": [
    {
     "data": {
      "text/html": [
       "<div>\n",
       "<style>\n",
       "    .dataframe thead tr:only-child th {\n",
       "        text-align: right;\n",
       "    }\n",
       "\n",
       "    .dataframe thead th {\n",
       "        text-align: left;\n",
       "    }\n",
       "\n",
       "    .dataframe tbody tr th {\n",
       "        vertical-align: top;\n",
       "    }\n",
       "</style>\n",
       "<table border=\"1\" class=\"dataframe\">\n",
       "  <thead>\n",
       "    <tr style=\"text-align: right;\">\n",
       "      <th></th>\n",
       "      <th>kerasclf0</th>\n",
       "      <th>kerasclfmix0</th>\n",
       "      <th>kerascqwk0_pred</th>\n",
       "      <th>kerasepsl10_pred</th>\n",
       "      <th>kerasepsl20_pred</th>\n",
       "      <th>kerasmlp0_pred</th>\n",
       "    </tr>\n",
       "  </thead>\n",
       "  <tbody>\n",
       "    <tr>\n",
       "      <th>kerasclf0</th>\n",
       "      <td>1.000000</td>\n",
       "      <td>0.998395</td>\n",
       "      <td>0.997823</td>\n",
       "      <td>0.994050</td>\n",
       "      <td>0.997627</td>\n",
       "      <td>0.997774</td>\n",
       "    </tr>\n",
       "    <tr>\n",
       "      <th>kerasclfmix0</th>\n",
       "      <td>0.998395</td>\n",
       "      <td>1.000000</td>\n",
       "      <td>0.998530</td>\n",
       "      <td>0.994759</td>\n",
       "      <td>0.998378</td>\n",
       "      <td>0.998490</td>\n",
       "    </tr>\n",
       "    <tr>\n",
       "      <th>kerascqwk0_pred</th>\n",
       "      <td>0.997823</td>\n",
       "      <td>0.998530</td>\n",
       "      <td>1.000000</td>\n",
       "      <td>0.995553</td>\n",
       "      <td>0.999276</td>\n",
       "      <td>0.999322</td>\n",
       "    </tr>\n",
       "    <tr>\n",
       "      <th>kerasepsl10_pred</th>\n",
       "      <td>0.994050</td>\n",
       "      <td>0.994759</td>\n",
       "      <td>0.995553</td>\n",
       "      <td>1.000000</td>\n",
       "      <td>0.995038</td>\n",
       "      <td>0.995106</td>\n",
       "    </tr>\n",
       "    <tr>\n",
       "      <th>kerasepsl20_pred</th>\n",
       "      <td>0.997627</td>\n",
       "      <td>0.998378</td>\n",
       "      <td>0.999276</td>\n",
       "      <td>0.995038</td>\n",
       "      <td>1.000000</td>\n",
       "      <td>0.999283</td>\n",
       "    </tr>\n",
       "    <tr>\n",
       "      <th>kerasmlp0_pred</th>\n",
       "      <td>0.997774</td>\n",
       "      <td>0.998490</td>\n",
       "      <td>0.999322</td>\n",
       "      <td>0.995106</td>\n",
       "      <td>0.999283</td>\n",
       "      <td>1.000000</td>\n",
       "    </tr>\n",
       "  </tbody>\n",
       "</table>\n",
       "</div>"
      ],
      "text/plain": [
       "                  kerasclf0  kerasclfmix0  kerascqwk0_pred  kerasepsl10_pred  \\\n",
       "kerasclf0          1.000000      0.998395         0.997823          0.994050   \n",
       "kerasclfmix0       0.998395      1.000000         0.998530          0.994759   \n",
       "kerascqwk0_pred    0.997823      0.998530         1.000000          0.995553   \n",
       "kerasepsl10_pred   0.994050      0.994759         0.995553          1.000000   \n",
       "kerasepsl20_pred   0.997627      0.998378         0.999276          0.995038   \n",
       "kerasmlp0_pred     0.997774      0.998490         0.999322          0.995106   \n",
       "\n",
       "                  kerasepsl20_pred  kerasmlp0_pred  \n",
       "kerasclf0                 0.997627        0.997774  \n",
       "kerasclfmix0              0.998378        0.998490  \n",
       "kerascqwk0_pred           0.999276        0.999322  \n",
       "kerasepsl10_pred          0.995038        0.995106  \n",
       "kerasepsl20_pred          1.000000        0.999283  \n",
       "kerasmlp0_pred            0.999283        1.000000  "
      ]
     },
     "execution_count": 18,
     "metadata": {},
     "output_type": "execute_result"
    }
   ],
   "source": [
    "b"
   ]
  },
  {
   "cell_type": "code",
   "execution_count": 15,
   "metadata": {
    "collapsed": true,
    "scrolled": true
   },
   "outputs": [],
   "source": [
    "b=test.corr()"
   ]
  },
  {
   "cell_type": "code",
   "execution_count": 16,
   "metadata": {},
   "outputs": [
    {
     "data": {
      "text/html": [
       "<div>\n",
       "<style>\n",
       "    .dataframe thead tr:only-child th {\n",
       "        text-align: right;\n",
       "    }\n",
       "\n",
       "    .dataframe thead th {\n",
       "        text-align: left;\n",
       "    }\n",
       "\n",
       "    .dataframe tbody tr th {\n",
       "        vertical-align: top;\n",
       "    }\n",
       "</style>\n",
       "<table border=\"1\" class=\"dataframe\">\n",
       "  <thead>\n",
       "    <tr style=\"text-align: right;\">\n",
       "      <th></th>\n",
       "      <th>kerasclf0</th>\n",
       "      <th>kerasclfmix0</th>\n",
       "      <th>kerascqwk0_pred</th>\n",
       "      <th>kerasepsl10_pred</th>\n",
       "      <th>kerasepsl20_pred</th>\n",
       "      <th>kerasmlp0_pred</th>\n",
       "    </tr>\n",
       "  </thead>\n",
       "  <tbody>\n",
       "    <tr>\n",
       "      <th>kerasclf0</th>\n",
       "      <td>0.000</td>\n",
       "      <td>-0.004</td>\n",
       "      <td>-0.003</td>\n",
       "      <td>-0.003</td>\n",
       "      <td>-0.003</td>\n",
       "      <td>-0.003</td>\n",
       "    </tr>\n",
       "    <tr>\n",
       "      <th>kerasclfmix0</th>\n",
       "      <td>-0.004</td>\n",
       "      <td>0.000</td>\n",
       "      <td>-0.003</td>\n",
       "      <td>-0.003</td>\n",
       "      <td>-0.003</td>\n",
       "      <td>-0.003</td>\n",
       "    </tr>\n",
       "    <tr>\n",
       "      <th>kerascqwk0_pred</th>\n",
       "      <td>-0.003</td>\n",
       "      <td>-0.003</td>\n",
       "      <td>0.000</td>\n",
       "      <td>-0.003</td>\n",
       "      <td>-0.002</td>\n",
       "      <td>-0.003</td>\n",
       "    </tr>\n",
       "    <tr>\n",
       "      <th>kerasepsl10_pred</th>\n",
       "      <td>-0.003</td>\n",
       "      <td>-0.003</td>\n",
       "      <td>-0.003</td>\n",
       "      <td>0.000</td>\n",
       "      <td>-0.003</td>\n",
       "      <td>-0.003</td>\n",
       "    </tr>\n",
       "    <tr>\n",
       "      <th>kerasepsl20_pred</th>\n",
       "      <td>-0.003</td>\n",
       "      <td>-0.003</td>\n",
       "      <td>-0.002</td>\n",
       "      <td>-0.003</td>\n",
       "      <td>0.000</td>\n",
       "      <td>-0.003</td>\n",
       "    </tr>\n",
       "    <tr>\n",
       "      <th>kerasmlp0_pred</th>\n",
       "      <td>-0.003</td>\n",
       "      <td>-0.003</td>\n",
       "      <td>-0.003</td>\n",
       "      <td>-0.003</td>\n",
       "      <td>-0.003</td>\n",
       "      <td>0.000</td>\n",
       "    </tr>\n",
       "  </tbody>\n",
       "</table>\n",
       "</div>"
      ],
      "text/plain": [
       "                  kerasclf0  kerasclfmix0  kerascqwk0_pred  kerasepsl10_pred  \\\n",
       "kerasclf0             0.000        -0.004           -0.003            -0.003   \n",
       "kerasclfmix0         -0.004         0.000           -0.003            -0.003   \n",
       "kerascqwk0_pred      -0.003        -0.003            0.000            -0.003   \n",
       "kerasepsl10_pred     -0.003        -0.003           -0.003             0.000   \n",
       "kerasepsl20_pred     -0.003        -0.003           -0.002            -0.003   \n",
       "kerasmlp0_pred       -0.003        -0.003           -0.003            -0.003   \n",
       "\n",
       "                  kerasepsl20_pred  kerasmlp0_pred  \n",
       "kerasclf0                   -0.003          -0.003  \n",
       "kerasclfmix0                -0.003          -0.003  \n",
       "kerascqwk0_pred             -0.002          -0.003  \n",
       "kerasepsl10_pred            -0.003          -0.003  \n",
       "kerasepsl20_pred             0.000          -0.003  \n",
       "kerasmlp0_pred              -0.003           0.000  "
      ]
     },
     "execution_count": 16,
     "metadata": {},
     "output_type": "execute_result"
    }
   ],
   "source": [
    "np.round(a-b,3)"
   ]
  },
  {
   "cell_type": "code",
   "execution_count": 21,
   "metadata": {
    "collapsed": true
   },
   "outputs": [],
   "source": [
    "prev_train=train\n",
    "prev_test=test"
   ]
  },
  {
   "cell_type": "code",
   "execution_count": null,
   "metadata": {
    "collapsed": true
   },
   "outputs": [],
   "source": []
  },
  {
   "cell_type": "code",
   "execution_count": 19,
   "metadata": {
    "collapsed": true
   },
   "outputs": [],
   "source": [
    "import fastparquet"
   ]
  },
  {
   "cell_type": "code",
   "execution_count": 20,
   "metadata": {
    "collapsed": true
   },
   "outputs": [],
   "source": [
    "a=fastparquet.ParquetFile('train_spear_l1pred').to_pandas()\n",
    "b=fastparquet.ParquetFile('test_spear_l1pred').to_pandas()\n"
   ]
  },
  {
   "cell_type": "code",
   "execution_count": 22,
   "metadata": {
    "collapsed": true
   },
   "outputs": [],
   "source": [
    "train=pd.concat([a,prev_train],axis=1)\n",
    "test=pd.concat([b,prev_test],axis=1)"
   ]
  },
  {
   "cell_type": "code",
   "execution_count": 23,
   "metadata": {},
   "outputs": [
    {
     "data": {
      "text/plain": [
       "((5203955, 18), (1378521, 18))"
      ]
     },
     "execution_count": 23,
     "metadata": {},
     "output_type": "execute_result"
    }
   ],
   "source": [
    "train.shape,test.shape"
   ]
  },
  {
   "cell_type": "code",
   "execution_count": 26,
   "metadata": {},
   "outputs": [],
   "source": [
    "a=train.corr()\n",
    "b=test.corr()"
   ]
  },
  {
   "cell_type": "code",
   "execution_count": 27,
   "metadata": {},
   "outputs": [
    {
     "data": {
      "text/html": [
       "<div>\n",
       "<style>\n",
       "    .dataframe thead tr:only-child th {\n",
       "        text-align: right;\n",
       "    }\n",
       "\n",
       "    .dataframe thead th {\n",
       "        text-align: left;\n",
       "    }\n",
       "\n",
       "    .dataframe tbody tr th {\n",
       "        vertical-align: top;\n",
       "    }\n",
       "</style>\n",
       "<table border=\"1\" class=\"dataframe\">\n",
       "  <thead>\n",
       "    <tr style=\"text-align: right;\">\n",
       "      <th></th>\n",
       "      <th>BayesianRidge0_pred</th>\n",
       "      <th>BayesianRidge1_pred</th>\n",
       "      <th>lgb0_pred</th>\n",
       "      <th>linearsvr0_pred</th>\n",
       "      <th>linearsvr1_pred</th>\n",
       "      <th>par0_pred</th>\n",
       "      <th>par1_pred</th>\n",
       "      <th>rf0_pred</th>\n",
       "      <th>rf1_pred</th>\n",
       "      <th>ridge0_pred</th>\n",
       "      <th>ridge1_pred</th>\n",
       "      <th>xgb0_pred</th>\n",
       "      <th>kerasclf0</th>\n",
       "      <th>kerasclfmix0</th>\n",
       "      <th>kerascqwk0_pred</th>\n",
       "      <th>kerasepsl10_pred</th>\n",
       "      <th>kerasepsl20_pred</th>\n",
       "      <th>kerasmlp0_pred</th>\n",
       "    </tr>\n",
       "  </thead>\n",
       "  <tbody>\n",
       "    <tr>\n",
       "      <th>BayesianRidge0_pred</th>\n",
       "      <td>1.000000</td>\n",
       "      <td>0.989753</td>\n",
       "      <td>0.978901</td>\n",
       "      <td>0.997954</td>\n",
       "      <td>0.985342</td>\n",
       "      <td>0.998060</td>\n",
       "      <td>0.994034</td>\n",
       "      <td>0.980340</td>\n",
       "      <td>0.979172</td>\n",
       "      <td>1.000000</td>\n",
       "      <td>0.989751</td>\n",
       "      <td>0.976740</td>\n",
       "      <td>0.977957</td>\n",
       "      <td>0.978110</td>\n",
       "      <td>0.980070</td>\n",
       "      <td>0.973975</td>\n",
       "      <td>0.979503</td>\n",
       "      <td>0.979856</td>\n",
       "    </tr>\n",
       "    <tr>\n",
       "      <th>BayesianRidge1_pred</th>\n",
       "      <td>0.989753</td>\n",
       "      <td>1.000000</td>\n",
       "      <td>0.989057</td>\n",
       "      <td>0.987830</td>\n",
       "      <td>0.997840</td>\n",
       "      <td>0.987925</td>\n",
       "      <td>0.996626</td>\n",
       "      <td>0.984463</td>\n",
       "      <td>0.981842</td>\n",
       "      <td>0.989753</td>\n",
       "      <td>1.000000</td>\n",
       "      <td>0.987004</td>\n",
       "      <td>0.987652</td>\n",
       "      <td>0.987880</td>\n",
       "      <td>0.989415</td>\n",
       "      <td>0.985295</td>\n",
       "      <td>0.989022</td>\n",
       "      <td>0.989492</td>\n",
       "    </tr>\n",
       "    <tr>\n",
       "      <th>lgb0_pred</th>\n",
       "      <td>0.978901</td>\n",
       "      <td>0.989057</td>\n",
       "      <td>1.000000</td>\n",
       "      <td>0.977031</td>\n",
       "      <td>0.987133</td>\n",
       "      <td>0.977143</td>\n",
       "      <td>0.985864</td>\n",
       "      <td>0.981515</td>\n",
       "      <td>0.977473</td>\n",
       "      <td>0.978901</td>\n",
       "      <td>0.989057</td>\n",
       "      <td>0.997836</td>\n",
       "      <td>0.993352</td>\n",
       "      <td>0.993759</td>\n",
       "      <td>0.994445</td>\n",
       "      <td>0.990667</td>\n",
       "      <td>0.994201</td>\n",
       "      <td>0.994277</td>\n",
       "    </tr>\n",
       "    <tr>\n",
       "      <th>linearsvr0_pred</th>\n",
       "      <td>0.997954</td>\n",
       "      <td>0.987830</td>\n",
       "      <td>0.977031</td>\n",
       "      <td>1.000000</td>\n",
       "      <td>0.984987</td>\n",
       "      <td>0.999735</td>\n",
       "      <td>0.994671</td>\n",
       "      <td>0.980540</td>\n",
       "      <td>0.979103</td>\n",
       "      <td>0.997954</td>\n",
       "      <td>0.987828</td>\n",
       "      <td>0.974841</td>\n",
       "      <td>0.976123</td>\n",
       "      <td>0.976260</td>\n",
       "      <td>0.978317</td>\n",
       "      <td>0.972655</td>\n",
       "      <td>0.977643</td>\n",
       "      <td>0.977886</td>\n",
       "    </tr>\n",
       "    <tr>\n",
       "      <th>linearsvr1_pred</th>\n",
       "      <td>0.985342</td>\n",
       "      <td>0.997840</td>\n",
       "      <td>0.987133</td>\n",
       "      <td>0.984987</td>\n",
       "      <td>1.000000</td>\n",
       "      <td>0.984824</td>\n",
       "      <td>0.995313</td>\n",
       "      <td>0.982205</td>\n",
       "      <td>0.979237</td>\n",
       "      <td>0.985342</td>\n",
       "      <td>0.997840</td>\n",
       "      <td>0.985055</td>\n",
       "      <td>0.985762</td>\n",
       "      <td>0.985837</td>\n",
       "      <td>0.987453</td>\n",
       "      <td>0.984767</td>\n",
       "      <td>0.986958</td>\n",
       "      <td>0.987342</td>\n",
       "    </tr>\n",
       "    <tr>\n",
       "      <th>par0_pred</th>\n",
       "      <td>0.998060</td>\n",
       "      <td>0.987925</td>\n",
       "      <td>0.977143</td>\n",
       "      <td>0.999735</td>\n",
       "      <td>0.984824</td>\n",
       "      <td>1.000000</td>\n",
       "      <td>0.994693</td>\n",
       "      <td>0.981299</td>\n",
       "      <td>0.980054</td>\n",
       "      <td>0.998059</td>\n",
       "      <td>0.987923</td>\n",
       "      <td>0.974935</td>\n",
       "      <td>0.976177</td>\n",
       "      <td>0.976375</td>\n",
       "      <td>0.978441</td>\n",
       "      <td>0.972662</td>\n",
       "      <td>0.977717</td>\n",
       "      <td>0.978008</td>\n",
       "    </tr>\n",
       "    <tr>\n",
       "      <th>par1_pred</th>\n",
       "      <td>0.994034</td>\n",
       "      <td>0.996626</td>\n",
       "      <td>0.985864</td>\n",
       "      <td>0.994671</td>\n",
       "      <td>0.995313</td>\n",
       "      <td>0.994693</td>\n",
       "      <td>1.000000</td>\n",
       "      <td>0.985766</td>\n",
       "      <td>0.983648</td>\n",
       "      <td>0.994034</td>\n",
       "      <td>0.996625</td>\n",
       "      <td>0.983717</td>\n",
       "      <td>0.984614</td>\n",
       "      <td>0.984732</td>\n",
       "      <td>0.986531</td>\n",
       "      <td>0.982504</td>\n",
       "      <td>0.985976</td>\n",
       "      <td>0.986161</td>\n",
       "    </tr>\n",
       "    <tr>\n",
       "      <th>rf0_pred</th>\n",
       "      <td>0.980340</td>\n",
       "      <td>0.984463</td>\n",
       "      <td>0.981515</td>\n",
       "      <td>0.980540</td>\n",
       "      <td>0.982205</td>\n",
       "      <td>0.981299</td>\n",
       "      <td>0.985766</td>\n",
       "      <td>1.000000</td>\n",
       "      <td>0.997431</td>\n",
       "      <td>0.980338</td>\n",
       "      <td>0.984462</td>\n",
       "      <td>0.979199</td>\n",
       "      <td>0.978928</td>\n",
       "      <td>0.978586</td>\n",
       "      <td>0.980218</td>\n",
       "      <td>0.973529</td>\n",
       "      <td>0.979642</td>\n",
       "      <td>0.980791</td>\n",
       "    </tr>\n",
       "    <tr>\n",
       "      <th>rf1_pred</th>\n",
       "      <td>0.979172</td>\n",
       "      <td>0.981842</td>\n",
       "      <td>0.977473</td>\n",
       "      <td>0.979103</td>\n",
       "      <td>0.979237</td>\n",
       "      <td>0.980054</td>\n",
       "      <td>0.983648</td>\n",
       "      <td>0.997431</td>\n",
       "      <td>1.000000</td>\n",
       "      <td>0.979169</td>\n",
       "      <td>0.981841</td>\n",
       "      <td>0.975150</td>\n",
       "      <td>0.975244</td>\n",
       "      <td>0.974960</td>\n",
       "      <td>0.976711</td>\n",
       "      <td>0.970241</td>\n",
       "      <td>0.976146</td>\n",
       "      <td>0.977392</td>\n",
       "    </tr>\n",
       "    <tr>\n",
       "      <th>ridge0_pred</th>\n",
       "      <td>1.000000</td>\n",
       "      <td>0.989753</td>\n",
       "      <td>0.978901</td>\n",
       "      <td>0.997954</td>\n",
       "      <td>0.985342</td>\n",
       "      <td>0.998059</td>\n",
       "      <td>0.994034</td>\n",
       "      <td>0.980338</td>\n",
       "      <td>0.979169</td>\n",
       "      <td>1.000000</td>\n",
       "      <td>0.989751</td>\n",
       "      <td>0.976740</td>\n",
       "      <td>0.977957</td>\n",
       "      <td>0.978110</td>\n",
       "      <td>0.980070</td>\n",
       "      <td>0.973975</td>\n",
       "      <td>0.979503</td>\n",
       "      <td>0.979856</td>\n",
       "    </tr>\n",
       "    <tr>\n",
       "      <th>ridge1_pred</th>\n",
       "      <td>0.989751</td>\n",
       "      <td>1.000000</td>\n",
       "      <td>0.989057</td>\n",
       "      <td>0.987828</td>\n",
       "      <td>0.997840</td>\n",
       "      <td>0.987923</td>\n",
       "      <td>0.996625</td>\n",
       "      <td>0.984462</td>\n",
       "      <td>0.981841</td>\n",
       "      <td>0.989751</td>\n",
       "      <td>1.000000</td>\n",
       "      <td>0.987004</td>\n",
       "      <td>0.987652</td>\n",
       "      <td>0.987880</td>\n",
       "      <td>0.989415</td>\n",
       "      <td>0.985295</td>\n",
       "      <td>0.989022</td>\n",
       "      <td>0.989492</td>\n",
       "    </tr>\n",
       "    <tr>\n",
       "      <th>xgb0_pred</th>\n",
       "      <td>0.976740</td>\n",
       "      <td>0.987004</td>\n",
       "      <td>0.997836</td>\n",
       "      <td>0.974841</td>\n",
       "      <td>0.985055</td>\n",
       "      <td>0.974935</td>\n",
       "      <td>0.983717</td>\n",
       "      <td>0.979199</td>\n",
       "      <td>0.975150</td>\n",
       "      <td>0.976740</td>\n",
       "      <td>0.987004</td>\n",
       "      <td>1.000000</td>\n",
       "      <td>0.992406</td>\n",
       "      <td>0.992792</td>\n",
       "      <td>0.993406</td>\n",
       "      <td>0.989515</td>\n",
       "      <td>0.993156</td>\n",
       "      <td>0.993192</td>\n",
       "    </tr>\n",
       "    <tr>\n",
       "      <th>kerasclf0</th>\n",
       "      <td>0.977957</td>\n",
       "      <td>0.987652</td>\n",
       "      <td>0.993352</td>\n",
       "      <td>0.976123</td>\n",
       "      <td>0.985762</td>\n",
       "      <td>0.976177</td>\n",
       "      <td>0.984614</td>\n",
       "      <td>0.978928</td>\n",
       "      <td>0.975244</td>\n",
       "      <td>0.977957</td>\n",
       "      <td>0.987652</td>\n",
       "      <td>0.992406</td>\n",
       "      <td>1.000000</td>\n",
       "      <td>0.994574</td>\n",
       "      <td>0.995084</td>\n",
       "      <td>0.990913</td>\n",
       "      <td>0.994666</td>\n",
       "      <td>0.994699</td>\n",
       "    </tr>\n",
       "    <tr>\n",
       "      <th>kerasclfmix0</th>\n",
       "      <td>0.978110</td>\n",
       "      <td>0.987880</td>\n",
       "      <td>0.993759</td>\n",
       "      <td>0.976260</td>\n",
       "      <td>0.985837</td>\n",
       "      <td>0.976375</td>\n",
       "      <td>0.984732</td>\n",
       "      <td>0.978586</td>\n",
       "      <td>0.974960</td>\n",
       "      <td>0.978110</td>\n",
       "      <td>0.987880</td>\n",
       "      <td>0.992792</td>\n",
       "      <td>0.994574</td>\n",
       "      <td>1.000000</td>\n",
       "      <td>0.995624</td>\n",
       "      <td>0.991575</td>\n",
       "      <td>0.995317</td>\n",
       "      <td>0.995240</td>\n",
       "    </tr>\n",
       "    <tr>\n",
       "      <th>kerascqwk0_pred</th>\n",
       "      <td>0.980070</td>\n",
       "      <td>0.989415</td>\n",
       "      <td>0.994445</td>\n",
       "      <td>0.978317</td>\n",
       "      <td>0.987453</td>\n",
       "      <td>0.978441</td>\n",
       "      <td>0.986531</td>\n",
       "      <td>0.980218</td>\n",
       "      <td>0.976711</td>\n",
       "      <td>0.980070</td>\n",
       "      <td>0.989415</td>\n",
       "      <td>0.993406</td>\n",
       "      <td>0.995084</td>\n",
       "      <td>0.995624</td>\n",
       "      <td>1.000000</td>\n",
       "      <td>0.992854</td>\n",
       "      <td>0.996838</td>\n",
       "      <td>0.996803</td>\n",
       "    </tr>\n",
       "    <tr>\n",
       "      <th>kerasepsl10_pred</th>\n",
       "      <td>0.973975</td>\n",
       "      <td>0.985295</td>\n",
       "      <td>0.990667</td>\n",
       "      <td>0.972655</td>\n",
       "      <td>0.984767</td>\n",
       "      <td>0.972662</td>\n",
       "      <td>0.982504</td>\n",
       "      <td>0.973529</td>\n",
       "      <td>0.970241</td>\n",
       "      <td>0.973975</td>\n",
       "      <td>0.985295</td>\n",
       "      <td>0.989515</td>\n",
       "      <td>0.990913</td>\n",
       "      <td>0.991575</td>\n",
       "      <td>0.992854</td>\n",
       "      <td>1.000000</td>\n",
       "      <td>0.992094</td>\n",
       "      <td>0.992469</td>\n",
       "    </tr>\n",
       "    <tr>\n",
       "      <th>kerasepsl20_pred</th>\n",
       "      <td>0.979503</td>\n",
       "      <td>0.989022</td>\n",
       "      <td>0.994201</td>\n",
       "      <td>0.977643</td>\n",
       "      <td>0.986958</td>\n",
       "      <td>0.977717</td>\n",
       "      <td>0.985976</td>\n",
       "      <td>0.979642</td>\n",
       "      <td>0.976146</td>\n",
       "      <td>0.979503</td>\n",
       "      <td>0.989022</td>\n",
       "      <td>0.993156</td>\n",
       "      <td>0.994666</td>\n",
       "      <td>0.995317</td>\n",
       "      <td>0.996838</td>\n",
       "      <td>0.992094</td>\n",
       "      <td>1.000000</td>\n",
       "      <td>0.996397</td>\n",
       "    </tr>\n",
       "    <tr>\n",
       "      <th>kerasmlp0_pred</th>\n",
       "      <td>0.979856</td>\n",
       "      <td>0.989492</td>\n",
       "      <td>0.994277</td>\n",
       "      <td>0.977886</td>\n",
       "      <td>0.987342</td>\n",
       "      <td>0.978008</td>\n",
       "      <td>0.986161</td>\n",
       "      <td>0.980791</td>\n",
       "      <td>0.977392</td>\n",
       "      <td>0.979856</td>\n",
       "      <td>0.989492</td>\n",
       "      <td>0.993192</td>\n",
       "      <td>0.994699</td>\n",
       "      <td>0.995240</td>\n",
       "      <td>0.996803</td>\n",
       "      <td>0.992469</td>\n",
       "      <td>0.996397</td>\n",
       "      <td>1.000000</td>\n",
       "    </tr>\n",
       "  </tbody>\n",
       "</table>\n",
       "</div>"
      ],
      "text/plain": [
       "                     BayesianRidge0_pred  BayesianRidge1_pred  lgb0_pred  \\\n",
       "BayesianRidge0_pred             1.000000             0.989753   0.978901   \n",
       "BayesianRidge1_pred             0.989753             1.000000   0.989057   \n",
       "lgb0_pred                       0.978901             0.989057   1.000000   \n",
       "linearsvr0_pred                 0.997954             0.987830   0.977031   \n",
       "linearsvr1_pred                 0.985342             0.997840   0.987133   \n",
       "par0_pred                       0.998060             0.987925   0.977143   \n",
       "par1_pred                       0.994034             0.996626   0.985864   \n",
       "rf0_pred                        0.980340             0.984463   0.981515   \n",
       "rf1_pred                        0.979172             0.981842   0.977473   \n",
       "ridge0_pred                     1.000000             0.989753   0.978901   \n",
       "ridge1_pred                     0.989751             1.000000   0.989057   \n",
       "xgb0_pred                       0.976740             0.987004   0.997836   \n",
       "kerasclf0                       0.977957             0.987652   0.993352   \n",
       "kerasclfmix0                    0.978110             0.987880   0.993759   \n",
       "kerascqwk0_pred                 0.980070             0.989415   0.994445   \n",
       "kerasepsl10_pred                0.973975             0.985295   0.990667   \n",
       "kerasepsl20_pred                0.979503             0.989022   0.994201   \n",
       "kerasmlp0_pred                  0.979856             0.989492   0.994277   \n",
       "\n",
       "                     linearsvr0_pred  linearsvr1_pred  par0_pred  par1_pred  \\\n",
       "BayesianRidge0_pred         0.997954         0.985342   0.998060   0.994034   \n",
       "BayesianRidge1_pred         0.987830         0.997840   0.987925   0.996626   \n",
       "lgb0_pred                   0.977031         0.987133   0.977143   0.985864   \n",
       "linearsvr0_pred             1.000000         0.984987   0.999735   0.994671   \n",
       "linearsvr1_pred             0.984987         1.000000   0.984824   0.995313   \n",
       "par0_pred                   0.999735         0.984824   1.000000   0.994693   \n",
       "par1_pred                   0.994671         0.995313   0.994693   1.000000   \n",
       "rf0_pred                    0.980540         0.982205   0.981299   0.985766   \n",
       "rf1_pred                    0.979103         0.979237   0.980054   0.983648   \n",
       "ridge0_pred                 0.997954         0.985342   0.998059   0.994034   \n",
       "ridge1_pred                 0.987828         0.997840   0.987923   0.996625   \n",
       "xgb0_pred                   0.974841         0.985055   0.974935   0.983717   \n",
       "kerasclf0                   0.976123         0.985762   0.976177   0.984614   \n",
       "kerasclfmix0                0.976260         0.985837   0.976375   0.984732   \n",
       "kerascqwk0_pred             0.978317         0.987453   0.978441   0.986531   \n",
       "kerasepsl10_pred            0.972655         0.984767   0.972662   0.982504   \n",
       "kerasepsl20_pred            0.977643         0.986958   0.977717   0.985976   \n",
       "kerasmlp0_pred              0.977886         0.987342   0.978008   0.986161   \n",
       "\n",
       "                     rf0_pred  rf1_pred  ridge0_pred  ridge1_pred  xgb0_pred  \\\n",
       "BayesianRidge0_pred  0.980340  0.979172     1.000000     0.989751   0.976740   \n",
       "BayesianRidge1_pred  0.984463  0.981842     0.989753     1.000000   0.987004   \n",
       "lgb0_pred            0.981515  0.977473     0.978901     0.989057   0.997836   \n",
       "linearsvr0_pred      0.980540  0.979103     0.997954     0.987828   0.974841   \n",
       "linearsvr1_pred      0.982205  0.979237     0.985342     0.997840   0.985055   \n",
       "par0_pred            0.981299  0.980054     0.998059     0.987923   0.974935   \n",
       "par1_pred            0.985766  0.983648     0.994034     0.996625   0.983717   \n",
       "rf0_pred             1.000000  0.997431     0.980338     0.984462   0.979199   \n",
       "rf1_pred             0.997431  1.000000     0.979169     0.981841   0.975150   \n",
       "ridge0_pred          0.980338  0.979169     1.000000     0.989751   0.976740   \n",
       "ridge1_pred          0.984462  0.981841     0.989751     1.000000   0.987004   \n",
       "xgb0_pred            0.979199  0.975150     0.976740     0.987004   1.000000   \n",
       "kerasclf0            0.978928  0.975244     0.977957     0.987652   0.992406   \n",
       "kerasclfmix0         0.978586  0.974960     0.978110     0.987880   0.992792   \n",
       "kerascqwk0_pred      0.980218  0.976711     0.980070     0.989415   0.993406   \n",
       "kerasepsl10_pred     0.973529  0.970241     0.973975     0.985295   0.989515   \n",
       "kerasepsl20_pred     0.979642  0.976146     0.979503     0.989022   0.993156   \n",
       "kerasmlp0_pred       0.980791  0.977392     0.979856     0.989492   0.993192   \n",
       "\n",
       "                     kerasclf0  kerasclfmix0  kerascqwk0_pred  \\\n",
       "BayesianRidge0_pred   0.977957      0.978110         0.980070   \n",
       "BayesianRidge1_pred   0.987652      0.987880         0.989415   \n",
       "lgb0_pred             0.993352      0.993759         0.994445   \n",
       "linearsvr0_pred       0.976123      0.976260         0.978317   \n",
       "linearsvr1_pred       0.985762      0.985837         0.987453   \n",
       "par0_pred             0.976177      0.976375         0.978441   \n",
       "par1_pred             0.984614      0.984732         0.986531   \n",
       "rf0_pred              0.978928      0.978586         0.980218   \n",
       "rf1_pred              0.975244      0.974960         0.976711   \n",
       "ridge0_pred           0.977957      0.978110         0.980070   \n",
